Number		Curr_plan	Exp_Date	Avl_Balance
7981020367	10		7.7.2022	100	
8899074656	20		9.7.2022	100	
8989776454	10		13.7.2023	100
9098766654	50		14.7.2023	100	
9786531252	20		29.7.2024	100
9087645345	20		30.7.2024	100
7876545523	50		23.7.2025	100
8789956647	10		12.7.2025	100
9966776447	20		15.7.2026	100
8788964533	10		19.7.2026	100
9955667563	50		26.7.2027	100
8987676555	10		17.7.2027	100
9994657322	25		29.7.2028	100
9089855678	10		14.7.2028	100
8856773452	20		17.7.2029	100
8789675432	10		19.7.2029	100
9863123464	20		12.7.2030	100
7689754356	50		25.7.2030	100
7989653454	40		27.7.2031	100
9087656567	10		27.7.2031	100
